1,297.36
1,272.18
1,302.68
1,198.49
1,243.37
1,177.95
1,218.0
1,220.26
1,147.9
1,135.46
1,98.5
1,97.28
1,148.92
1,127.44
1,425.1
1,174.57
1,297.36
1,272.18
1,302.68
1,198.49
1,243.37
1,177.95
1,218.0
1,220.26
1,147.9
1,135.46
1,98.5
1,97.28
1,148.92
1,127.44
1,425.1
1,174.57
1,297.36
1,272.18
1,302.68
1,198.49
1,243.37
1,177.95
1,218.0
1,220.26
1,147.9
1,135.46
1,98.5
1,97.28
1,148.92
1,127.44
1,425.1
1,174.57
1,297.36
1,272.18
1,302.68
1,198.49
1,243.37
1,177.95
1,218.0
1,220.26
1,147.9
1,135.46
1,98.5
1,97.28
1,148.92
1,127.44
1,425.1
1,174.57
1,297.36
1,272.18
1,302.68
1,198.49
1,243.37
1,177.95
1,218.0
1,220.26
1,147.9
1,135.46
1,98.5
1,97.28
1,148.92
1,127.44
1,425.1
1,174.57
1,297.36
1,272.18
1,302.68
1,198.49
1,243.37
1,177.95
1,218.0
1,220.26
1,147.9
1,135.46
1,98.5
1,97.28
1,148.92
1,127.44
1,425.1
1,174.57
1,297.36
1,272.18
1,302.68
1,198.49
1,243.37
1,177.95
1,218.0
1,220.26
1,147.9
1,135.46
1,98.5
1,97.28
1,148.92
1,127.44
1,425.1
1,174.57
1,297.36
1,272.18
1,302.68
1,198.49
1,243.37
1,177.95
1,218.0
1,220.26
1,147.9
1,135.46
1,98.5
1,97.28
1,148.92
1,127.44
1,425.1
1,174.57
1,297.36
1,272.18
1,302.68
1,198.49
1,243.37
1,177.95
1,218.0
1,220.26
1,147.9
1,135.46
1,98.5
1,97.28
1,148.92
1,127.44
1,425.1
1,174.57
1,297.36
1,272.18
1,302.68
1,198.49
1,243.37
1,177.95
1,218.0
1,220.26
1,147.9
1,135.46
1,98.5
1,97.28
1,148.92
1,127.44
1,425.1
1,174.57
1,297.36
1,272.18
1,302.68
1,198.49
1,243.37
1,177.95
1,218.0
1,220.26
1,147.9
1,135.46
1,98.5
1,97.28
1,148.92
1,127.44
1,425.1
1,174.57
1,297.36
1,272.18
1,302.68
1,198.49
1,243.37
1,177.95
1,218.0
1,220.26
1,147.9
1,135.46
1,98.5
1,97.28
1,148.92
1,127.44
1,425.1
1,174.57
1,297.36
1,272.18
1,302.68
1,198.49
1,243.37
1,177.95
1,218.0
1,220.26
1,147.9
1,135.46
1,98.5
1,97.28
1,148.92
1,127.44
1,425.1
1,174.57
